202108040201  123456  0  0
202108040202  123456  0  0
202108040203  123456  0  0
202108040204  123456  0  0
202108040205  123456  0  0
202108040206  123456  0  0
202108040207  123456  0  0
202108040208  123456  0  0
202108040209  123456  0  0
202108040210  123456  0  0
202108040211  123456  0  0
202108040212  123456  0  0
202108040213  123456  0  0
202108040214  123456  0  0
202108040215  123456  0  0
202108040216  123456  0  0
202108040217  123456  0  0
202108040218  123456  0  0
202108040219  123456  0  0
202108040220  123456  0  0
202108040221  123456  0  0
202108040222  123456  0  0
202108040223  123456  0  0
202108040224  123456  0  0
202108040225  123456  0  0
202108040226  123456  0  0
202108010231  123456  2  0
202108040228  123456  0  0
202108040229  123456  0  0
202108040230  123456  0  0
202108050696  123456  0  0
